      0/99     1.82G    0.1211    0.1253   0.03862     0.285       134       416         0         0         0         0    0.1167    0.1013   0.03697
      1/99     1.85G    0.1199    0.1094   0.03879    0.2681       101       416         0         0         0         0    0.1161     0.101    0.0369
      2/99     1.85G    0.1181    0.1247   0.03851    0.2813       100       416         0         0         0         0    0.1145    0.1025   0.03668
      3/99     1.85G    0.1169    0.1244   0.03772     0.279       127       416         0         0         0         0    0.1122    0.1042   0.03643
      4/99     1.85G    0.1153    0.1265   0.03753    0.2793       113       416         0         0         0         0    0.1095    0.1061   0.03615
      5/99     1.85G    0.1142    0.1231   0.03788    0.2752        92       416         0         0         0         0    0.1066    0.1077   0.03587
      6/99     1.85G      0.11      0.11   0.03722    0.2573        87       416         0         0         0         0    0.1039    0.1099   0.03561
      7/99     1.85G    0.1134    0.1521   0.03775    0.3033       185       416         0         0         0         0    0.1032    0.1114   0.03534
      8/99     1.85G    0.1143    0.1389   0.03784     0.291       161       416         0         0         0         0    0.1032     0.113   0.03508
      9/99     1.85G     0.114    0.1393   0.03776     0.291       158       416         0         0         0         0    0.1031    0.1139   0.03493
     10/99     1.85G    0.1138    0.1425   0.03788    0.2942       188       416         0         0         0         0    0.1027    0.1147   0.03476
     11/99     1.85G    0.1114    0.1508   0.03638    0.2985       175       416         0         0         0         0    0.1024    0.1162   0.03448
     12/99     1.85G    0.1112    0.1483   0.03767    0.2972       136       416         0         0         0         0    0.1021    0.1176   0.03424
     13/99     1.85G    0.1064    0.1326   0.03616    0.2751       100       416         0         0         0         0    0.1018      0.12   0.03402
     14/99     1.85G    0.1091    0.1446   0.03633    0.2901       143       416         0         0         0         0     0.102    0.1201   0.03378
     15/99     1.85G    0.1126    0.1522   0.03775    0.3026       125       416         0         0         0         0    0.1021    0.1219   0.03353
     16/99     1.85G   0.09075    0.1569    0.0307    0.2783       144       416         0         0         0         0    0.1019    0.1222   0.03333
     17/99     1.85G     0.106    0.1543   0.03567     0.296       122       416         0         0         0         0    0.1016    0.1228   0.03313
     18/99     1.85G    0.1109    0.1612   0.03475    0.3069       180       416         0         0         0         0    0.1017    0.1248   0.03291
     19/99     1.85G    0.1061    0.1466   0.03591    0.2886       107       416         0         0         0         0    0.1014    0.1243   0.03274
     20/99     1.85G    0.1079    0.1452   0.03585     0.289       132       416         0         0         0         0    0.1011    0.1262   0.03256
     21/99     1.85G    0.1066    0.1393   0.03441    0.2803       114       416         0         0         0         0    0.1006    0.1267   0.03237
     22/99     1.85G    0.1078    0.1952   0.03403     0.337       179       416         0         0         0         0   0.09996    0.1273    0.0322
     23/99     1.85G    0.1031    0.1679   0.03432    0.3053       137       416         0         0         0         0    0.0996    0.1279   0.03203
     24/99     1.85G    0.1059    0.1494   0.03282    0.2881       131       416         0         0         0         0   0.09921    0.1274   0.03184
     25/99     1.85G    0.1041     0.152   0.03375    0.2898       119       416         0         0         0         0   0.09842     0.128   0.03167
     26/99     1.85G    0.1062     0.146   0.03406    0.2864        76       416         0         0         0         0   0.09802    0.1305   0.03149
     27/99     1.85G    0.1034     0.171   0.03399    0.3084       151       416         0         0         0         0   0.09785    0.1299   0.03134
     28/99     1.85G    0.1065    0.1545   0.03408    0.2951       128       416         0         0         0         0   0.09776    0.1288   0.03118
     29/99     1.85G    0.1098    0.1408   0.03496    0.2856       133       416         0         0         0         0    0.0977    0.1291   0.03103
     30/99     1.85G    0.1065    0.1356   0.03486    0.2769        99       416         0         0         0         0   0.09756     0.131    0.0309
     31/99     1.85G    0.1087    0.1506   0.03452    0.2939       145       416         0         0         0         0   0.09759    0.1301   0.03076
     32/99     1.85G    0.1029    0.1501   0.03425    0.2873        84       416         0         0         0         0   0.09778    0.1297   0.03063
     33/99     1.85G     0.105    0.1428   0.03212    0.2799        93       416         0         0         0         0   0.09814    0.1314   0.03047
     34/99     1.85G    0.1073    0.1556   0.03396    0.2968       124       416         0         0 0.0008188 8.188e-05   0.09848    0.1306   0.03031
     35/99     1.85G    0.1027    0.1569   0.03142     0.291       128       416         0         0  0.002047 0.0002625   0.09916      0.13   0.03015
     36/99     1.85G    0.1036    0.1602   0.03193    0.2957       145       416         0         0  0.001855 0.0003146   0.09932    0.1316   0.02999
     37/99     1.85G    0.1023      0.17   0.03234    0.3047       131       416         0         0  0.001199  0.000185   0.09931    0.1308   0.02984
     38/99     1.85G    0.1078    0.1612    0.0315    0.3005       112       416         0         0  0.001329 0.0002095   0.09907    0.1319   0.02969
     39/99     1.85G    0.1056    0.1747   0.03105    0.3113       121       416         0         0 0.0007155 0.0001431   0.09867     0.131   0.02955
     40/99     1.85G    0.1056    0.1439    0.0319    0.2814        86       416         0         0  0.001404 0.0001404   0.09842    0.1321   0.02942
     41/99     1.85G    0.1025    0.1398   0.03207    0.2744       100       416         0         0  0.001312 0.0001312   0.09838    0.1314   0.02929
     42/99     1.85G    0.1055    0.1524   0.03051    0.2884       125       416         0         0   0.00179  0.000236   0.09827    0.1326   0.02916
     43/99     1.85G    0.1026    0.1638   0.03029    0.2967       129       416         0         0  0.001171 0.0001742   0.09784    0.1317   0.02904
     44/99     1.85G    0.1044    0.1433   0.03188    0.2796       109       416         0         0  0.001167 0.0001737   0.09741    0.1318   0.02893
     45/99     1.85G    0.1027    0.1697   0.03174    0.3041       172       416         0         0  0.001753 0.0002335   0.09695    0.1332   0.02882
     46/99     1.85G    0.1005    0.1561   0.03307    0.2897       132       416         0         0  0.001727 0.0002309   0.09692    0.1313   0.02874
     47/99     1.85G     0.106    0.1846   0.03022    0.3208       214       416         0         0  0.001756 0.0002339   0.09721    0.1331   0.02865
     48/99     1.85G    0.1016    0.1679   0.03287    0.3023       134       416         0         0  0.001696 0.0002278   0.09755    0.1321   0.02856
     49/99     1.85G    0.1056    0.1475   0.03054    0.2836       156       416         0         0  0.001696 0.0002274    0.0976    0.1332   0.02847
     50/99     1.85G     0.102    0.1701   0.03278    0.3049       156       416         0         0  0.001678 0.0002255   0.09818     0.134    0.0284
     51/99     1.85G    0.1039    0.1634   0.03259       0.3       130       416         0         0  0.001186 0.0001761   0.09825    0.1331   0.02834
     52/99     1.85G     0.104    0.1653   0.03014    0.2994       125       416         0         0   0.00128 0.0001853    0.0982    0.1323   0.02826
     53/99     1.85G    0.1031    0.1601   0.03127    0.2945       133       416         0         0   0.00122 0.0001788   0.09799    0.1317   0.02819
     54/99     1.85G    0.1021    0.1705   0.02986    0.3025       139       416         0         0  0.001141 0.0002283   0.09771    0.1326    0.0281
     55/99     1.85G    0.1054    0.1682   0.02997    0.3035       142       416         0         0 0.0005716 0.0001143   0.09773    0.1327   0.02803
     56/99     1.85G    0.1039    0.1662   0.02888     0.299       122       416         0         0 0.0005777 0.0001155   0.09778    0.1336   0.02793
     57/99     1.85G    0.1044    0.1507   0.03129    0.2864       150       416         0         0         0         0   0.09781    0.1333   0.02786
     58/99     1.85G    0.1052    0.1511   0.02878     0.285       125       416         0         0         0         0   0.09819     0.133   0.02777
     59/99     1.85G    0.1027    0.1683   0.02904       0.3       169       416         0         0 0.0006254 6.254e-05    0.0988     0.133   0.02767
     60/99     1.85G    0.1026    0.1586   0.03028    0.2916       131       416         0         0  0.001184 0.0001811   0.09898    0.1331    0.0276
     61/99     1.85G    0.1057    0.1529   0.02892    0.2875       125       416         0         0 0.0006392 0.0001278   0.09911    0.1335   0.02752
     62/99     1.85G    0.1029    0.1669   0.02755    0.2973       145       416         0         0 0.0006431 0.0001286    0.0992     0.134   0.02743
     63/99     1.85G   0.09945    0.1486   0.03026    0.2783        91       416         0         0 0.0006572 0.0001314   0.09913    0.1332   0.02738
     64/99     1.85G     0.098    0.1599   0.02947    0.2873       100       416         0         0 0.0006594 0.0001319   0.09912    0.1349   0.02731
     65/99     1.85G    0.1005    0.1655   0.03048    0.2965       120       416         0         0 0.0006511 6.511e-05   0.09913    0.1346    0.0272
     66/99     1.85G    0.1016    0.1635   0.02843    0.2936       127       416         0         0  0.001285 0.0001285   0.09923    0.1345   0.02713
     67/99     1.85G    0.1022    0.1544   0.03054    0.2871       108       416         0         0  0.000636  6.36e-05   0.09908    0.1352   0.02706
     68/99     1.85G    0.1009    0.1636   0.02883    0.2934        96       416         0         0         0         0    0.0986    0.1344   0.02702
     69/99     1.85G    0.1033    0.1597   0.03009    0.2931       107       416         0         0  0.000625  6.25e-05   0.09864    0.1342   0.02698
     70/99     1.85G    0.1002    0.1524   0.02949    0.2821       104       416         0         0 0.0006375 6.375e-05   0.09858    0.1349   0.02688
     71/99     1.85G   0.09813    0.1537   0.02862    0.2805        97       416         0         0 0.0006273 6.273e-05   0.09867    0.1337   0.02678
     72/99     1.85G   0.09679    0.1349    0.0287    0.2604        82       416         0         0 0.0006174 6.174e-05   0.09852    0.1345   0.02668
     73/99     1.85G   0.09845    0.1609   0.02783    0.2872       171       416         0         0         0         0   0.09816    0.1348   0.02661
     74/99     1.85G    0.1019    0.1728   0.02845    0.3032       145       416         0         0  0.000614  6.14e-05   0.09811    0.1349   0.02653
     75/99     1.85G     0.102    0.1787   0.02762    0.3083       147       416         0         0 0.0006069 6.069e-05   0.09836    0.1351   0.02645
     76/99     1.85G   0.09959    0.1427   0.02887    0.2712       104       416         0         0  0.000604  6.04e-05   0.09824    0.1349   0.02635
     77/99     1.85G    0.1019    0.1801   0.02829    0.3103       169       416         0         0         0         0   0.09789    0.1348   0.02629
     78/99     1.85G    0.1022    0.1687   0.02728    0.2982       151       416         0         0         0         0    0.0976    0.1356   0.02622
     79/99     1.85G   0.09848    0.1667   0.02944    0.2946       111       416         0         0         0         0   0.09755    0.1348   0.02617
     80/99     1.85G   0.09965     0.168   0.02747    0.2951       134       416         0         0         0         0   0.09727    0.1349   0.02611
     81/99     1.85G       0.1    0.1451   0.02726    0.2724       117       416         0         0         0         0   0.09695    0.1349   0.02605
     82/99     1.85G   0.09923    0.1462   0.02917    0.2746        87       416         0         0         0         0   0.09661    0.1362     0.026
     83/99     1.85G    0.0986    0.1586   0.02928    0.2865        96       416         0         0         0         0   0.09667    0.1351   0.02598
     84/99     1.85G    0.1061    0.1854   0.02691    0.3184       177       416         0         0 0.0005689 0.0001138   0.09673    0.1352   0.02596
     85/99     1.85G     0.106    0.1708   0.02709    0.3039       119       416         0         0 0.0005717 0.0001143   0.09662    0.1352   0.02594
     86/99     1.85G    0.1012    0.1579   0.02973    0.2888       126       416         0         0 0.0005813 0.0001163   0.09645    0.1362   0.02592
     87/99     1.85G    0.1013    0.1572   0.02873    0.2873       113       416         0         0   0.00115 0.0001737   0.09626    0.1352    0.0259
     88/99     1.85G    0.1017     0.169   0.02632     0.297       153       416         0         0  0.001183 0.0001778   0.09626    0.1351   0.02587
     89/99     1.85G    0.1014    0.1527   0.02963    0.2838       115       416         0         0 0.0005981 5.981e-05   0.09619     0.135   0.02584
     90/99     1.85G    0.1017    0.1783   0.02992      0.31       185       416         0         0 0.0006053 6.053e-05   0.09629    0.1352   0.02582
     91/99     1.85G    0.1022    0.1575   0.02992    0.2897       129       416         0         0 0.0006229 6.229e-05    0.0964     0.136   0.02579
     92/99     1.85G   0.09702    0.1608   0.02715    0.2849        80       416         0         0  0.001199 0.0001199   0.09631    0.1348   0.02576
     93/99     1.85G   0.09873    0.1424   0.02912    0.2703       102       416         0         0  0.001211 0.0001851   0.09641    0.1348   0.02573
     94/99     1.85G   0.09848    0.1588    0.0278    0.2851       109       416         0         0  0.001285 0.0001941   0.09622    0.1361   0.02571
     95/99     1.85G     0.102    0.1672   0.02948    0.2986       110       416         0         0  0.003075 0.0004305   0.09599    0.1356   0.02569
     96/99     1.85G    0.1008    0.1665   0.03014    0.2975       128       416         0         0   0.00347 0.0006125   0.09577    0.1339   0.02566
     97/99     1.85G    0.1023    0.1567   0.02552    0.2845       115       416         0         0  0.003673 0.0004938   0.09529    0.1339   0.02563
     98/99     1.85G   0.09911    0.1613   0.02922    0.2897       150       416         0         0  0.004018 0.0006256   0.09495    0.1354   0.02559
     99/99     1.85G   0.08871    0.1778   0.02334    0.2899       212       416         0         0  0.004443 0.0006882   0.09473    0.1358   0.02554
